Number 	Class 	Size 	NVar    	Coverage 	Significance 	Unusualness 	Accuracy 	Support  	CSupport  	FSupport 	FConfidence 	CConfidence
000   	000	-	29,000000	0,305310	43,536858	0,175210	0,816901	1,000000	0,252212	0,252212	0,826087	0,826087
001   	000	-	24,000000	0,305310	43,536858	0,175210	0,816901	1,000000	0,252212	0,252212	0,826087	0,826087
002   	000	-	26,000000	0,278761	49,680786	0,177481	0,876923	0,982456	0,247788	0,247788	0,888889	0,888889
003   	000	-	30,000000	0,278761	49,680786	0,177481	0,876923	0,982456	0,247788	0,247788	0,888889	0,888889
004   	000	-	29,000000	0,305310	43,536858	0,175210	0,816901	1,000000	0,252212	0,252212	0,826087	0,826087
005   	000	-	27,000000	0,278761	49,680786	0,177481	0,876923	0,982456	0,247788	0,247788	0,888889	0,888889
006   	000	-	25,000000	0,278761	49,680786	0,177481	0,876923	0,982456	0,247788	0,247788	0,888889	0,888889
007   	000	-	30,000000	0,278761	49,680786	0,177481	0,876923	0,982456	0,247788	0,247788	0,888889	0,888889
008   	000	-	24,000000	0,305310	43,536858	0,175210	0,816901	1,000000	0,252212	0,252212	0,826087	0,826087
009   	000	-	30,000000	0,278761	49,680786	0,177481	0,876923	0,982456	0,247788	0,247788	0,888889	0,888889
010   	000	-	28,000000	0,278761	49,680786	0,177481	0,876923	0,982456	0,247788	0,247788	0,888889	0,888889
011   	000	-	27,000000	0,305310	43,536858	0,175210	0,816901	1,000000	0,252212	0,252212	0,826087	0,826087
012   	000	-	30,000000	0,305310	43,536858	0,175210	0,816901	1,000000	0,252212	0,252212	0,826087	0,826087
013   	000	-	26,000000	0,305310	43,536858	0,175210	0,816901	1,000000	0,252212	0,252212	0,826087	0,826087
014   	000	-	30,000000	0,305310	43,536858	0,175210	0,816901	1,000000	0,252212	0,252212	0,826087	0,826087
015   	000	-	31,000000	0,305310	43,536858	0,175210	0,816901	1,000000	0,252212	0,252212	0,826087	0,826087
016   	000	-	29,000000	0,278761	49,680786	0,177481	0,876923	0,982456	0,247788	0,247788	0,888889	0,888889
017   	000	-	25,000000	0,278761	49,680786	0,177481	0,876923	0,982456	0,247788	0,247788	0,888889	0,888889
018   	000	-	31,000000	0,278761	49,680786	0,177481	0,876923	0,982456	0,247788	0,247788	0,888889	0,888889
019   	000	-	28,000000	0,305310	43,536858	0,175210	0,816901	1,000000	0,252212	0,252212	0,826087	0,826087
020   	000	-	25,000000	0,305310	43,536858	0,175210	0,816901	1,000000	0,252212	0,252212	0,826087	0,826087
021   	000	-	27,000000	0,278761	49,680786	0,177481	0,876923	0,982456	0,247788	0,247788	0,888889	0,888889
022   	000	-	30,000000	0,305310	43,536858	0,175210	0,816901	1,000000	0,252212	0,252212	0,826087	0,826087
023   	000	-	24,000000	0,278761	49,680786	0,177481	0,876923	0,982456	0,247788	0,247788	0,888889	0,888889
024   	000	-	24,000000	0,278761	49,680786	0,177481	0,876923	0,982456	0,247788	0,247788	0,888889	0,888889
025   	000	-	20,000000	0,278761	49,680786	0,177481	0,876923	0,982456	0,247788	0,247788	0,888889	0,888889
026   	000	-	26,000000	0,305310	43,536858	0,175210	0,816901	1,000000	0,252212	0,252212	0,826087	0,826087
027   	000	-	25,000000	0,278761	49,680786	0,177481	0,876923	0,982456	0,247788	0,247788	0,888889	0,888889
028   	000	-	31,000000	0,278761	49,680786	0,177481	0,876923	0,982456	0,247788	0,247788	0,888889	0,888889
029   	000	-	31,000000	0,278761	49,680786	0,177481	0,876923	0,982456	0,247788	0,247788	0,888889	0,888889
030   	000	-	28,000000	0,305310	43,536858	0,175210	0,816901	1,000000	0,252212	0,252212	0,826087	0,826087
031   	000	-	29,000000	0,278761	49,680786	0,177481	0,876923	0,982456	0,247788	0,247788	0,888889	0,888889
032   	000	-	25,000000	0,278761	49,680786	0,177481	0,876923	0,982456	0,247788	0,247788	0,888889	0,888889
033   	000	-	26,000000	0,305310	43,536858	0,175210	0,816901	1,000000	0,252212	0,252212	0,826087	0,826087
034   	000	-	29,000000	0,305310	43,536858	0,175210	0,816901	1,000000	0,252212	0,252212	0,826087	0,826087
035   	000	-	31,000000	0,305310	43,536858	0,175210	0,816901	1,000000	0,252212	0,252212	0,826087	0,826087
036   	000	-	28,000000	0,278761	49,680786	0,177481	0,876923	0,982456	0,247788	0,247788	0,888889	0,888889
037   	000	-	25,000000	0,305310	43,536858	0,175210	0,816901	1,000000	0,252212	0,252212	0,826087	0,826087
038   	000	-	27,000000	0,278761	49,680786	0,177481	0,876923	0,982456	0,247788	0,247788	0,888889	0,888889
039   	000	-	33,000000	0,278761	49,680786	0,177481	0,876923	0,982456	0,247788	0,247788	0,888889	0,888889
040   	000	-	29,000000	0,278761	49,680786	0,177481	0,876923	0,982456	0,247788	0,247788	0,888889	0,888889
041   	000	-	30,000000	0,305310	43,536858	0,175210	0,816901	1,000000	0,252212	0,252212	0,826087	0,826087
042   	000	-	22,000000	0,278761	49,680786	0,177481	0,876923	0,982456	0,247788	0,247788	0,888889	0,888889
043   	000	-	23,000000	0,278761	49,680786	0,177481	0,876923	0,982456	0,247788	0,247788	0,888889	0,888889
044   	000	-	24,000000	0,278761	49,680786	0,177481	0,876923	0,982456	0,247788	0,247788	0,888889	0,888889
045   	000	-	25,000000	0,278761	49,680786	0,177481	0,876923	0,982456	0,247788	0,247788	0,888889	0,888889
046   	000	-	27,000000	0,278761	49,680786	0,177481	0,876923	0,982456	0,247788	0,247788	0,888889	0,888889
047   	000	-	29,000000	0,278761	49,680786	0,177481	0,876923	0,982456	0,247788	0,247788	0,888889	0,888889
048   	000	-	27,000000	0,305310	43,536858	0,175210	0,816901	1,000000	0,252212	0,252212	0,826087	0,826087
049   	001	-	3,000000	0,592920	33,827415	0,149542	0,992647	0,792899	0,592920	0,592920	1,000000	1,000000
050   	001	-	2,000000	0,592920	33,827415	0,149542	0,992647	0,792899	0,592920	0,592920	1,000000	1,000000
051   	001	-	4,000000	0,592920	33,827415	0,149542	0,992647	0,792899	0,592920	0,592920	1,000000	1,000000
052   	001	-	11,000000	0,761062	3,480391	0,068055	0,833333	0,852071	0,637168	0,637168	0,837209	0,837209
053   	001	-	3,000000	0,592920	33,827415	0,149542	0,992647	0,792899	0,592920	0,592920	1,000000	1,000000
054   	001	-	5,000000	0,592920	33,827415	0,149542	0,992647	0,792899	0,592920	0,592920	1,000000	1,000000
055   	001	-	6,000000	0,898230	1,238741	0,045129	0,795122	0,958580	0,716814	0,716814	0,798030	0,798030
056   	001	-	4,000000	0,907080	1,106921	0,042936	0,792271	0,964497	0,721239	0,721239	0,795122	0,795122
057   	001	-	4,000000	0,592920	33,827415	0,149542	0,992647	0,792899	0,592920	0,592920	1,000000	1,000000
058   	001	-	6,000000	0,898230	1,238741	0,045129	0,795122	0,958580	0,716814	0,716814	0,798030	0,798030
059   	001	-	4,000000	0,592920	33,827415	0,149542	0,992647	0,792899	0,592920	0,592920	1,000000	1,000000
060   	001	-	4,000000	0,592920	33,827415	0,149542	0,992647	0,792899	0,592920	0,592920	1,000000	1,000000
061   	001	-	4,000000	0,986726	0,052433	0,009926	0,755556	1,000000	0,747788	0,747788	0,757848	0,757848
062   	001	-	3,000000	0,955752	0,327449	0,024238	0,770642	0,988166	0,738938	0,738938	0,773148	0,773148
063   	001	-	3,000000	0,955752	0,327449	0,024238	0,770642	0,988166	0,738938	0,738938	0,773148	0,773148
064   	001	-	4,000000	0,592920	33,827415	0,149542	0,992647	0,792899	0,592920	0,592920	1,000000	1,000000
065   	001	-	11,000000	0,761062	3,480391	0,068055	0,833333	0,852071	0,637168	0,637168	0,837209	0,837209
066   	001	-	7,000000	0,871681	2,005882	0,056132	0,809045	0,946746	0,707965	0,707965	0,812183	0,812183
067   	001	-	9,000000	0,858407	2,476832	0,061634	0,816327	0,940828	0,703540	0,703540	0,819588	0,819588
068   	001	-	6,000000	0,592920	33,827415	0,149542	0,992647	0,792899	0,592920	0,592920	1,000000	1,000000
069   	001	-	6,000000	0,938053	0,626312	0,033049	0,780374	0,982249	0,734513	0,734513	0,783019	0,783019
070   	001	-	11,000000	0,730088	4,296918	0,073518	0,844311	0,828402	0,619469	0,619469	0,848485	0,848485
071   	001	-	6,000000	0,592920	33,827415	0,149542	0,992647	0,792899	0,592920	0,592920	1,000000	1,000000
072   	001	-	4,000000	0,592920	33,827415	0,149542	0,992647	0,792899	0,592920	0,592920	1,000000	1,000000
073   	001	-	12,000000	0,761062	3,480391	0,068055	0,833333	0,852071	0,637168	0,637168	0,837209	0,837209
074   	001	-	11,000000	0,761062	3,480391	0,068055	0,833333	0,852071	0,637168	0,637168	0,837209	0,837209
075   	001	-	4,000000	0,884956	1,594591	0,050630	0,801980	0,952663	0,712389	0,712389	0,805000	0,805000
-    	- 	076	19,684210	0,450454	36,139767	0,147163	0,865069	0,946358	1,000000	0,391476	0,873842	0,873842
