Number 	Class 	Size 	NVar    	Coverage 	Significance 	Unusualness 	Accuracy 	Support  	CSupport  	FSupport 	FConfidence 	CConfidence
000   	000	-	28.000000	0.305310	43.536858	0.175210	0.816901	1.000000	0.252212	0.252212	0.826087	0.826087
001   	000	-	20.000000	0.278761	49.680786	0.177481	0.876923	0.982456	0.247788	0.247788	0.888889	0.888889
002   	000	-	27.000000	0.305310	43.536858	0.175210	0.816901	1.000000	0.252212	0.252212	0.826087	0.826087
003   	000	-	23.000000	0.278761	49.680786	0.177481	0.876923	0.982456	0.247788	0.247788	0.888889	0.888889
004   	000	-	28.000000	0.305310	43.536858	0.175210	0.816901	1.000000	0.252212	0.252212	0.826087	0.826087
005   	000	-	25.000000	0.278761	49.680786	0.177481	0.876923	0.982456	0.247788	0.247788	0.888889	0.888889
006   	000	-	24.000000	0.278761	49.680786	0.177481	0.876923	0.982456	0.247788	0.247788	0.888889	0.888889
007   	000	-	29.000000	0.305310	43.536858	0.175210	0.816901	1.000000	0.252212	0.252212	0.826087	0.826087
008   	000	-	26.000000	0.305310	43.536858	0.175210	0.816901	1.000000	0.252212	0.252212	0.826087	0.826087
009   	000	-	24.000000	0.278761	49.680786	0.177481	0.876923	0.982456	0.247788	0.247788	0.888889	0.888889
010   	000	-	21.000000	0.278761	49.680786	0.177481	0.876923	0.982456	0.247788	0.247788	0.888889	0.888889
011   	000	-	26.000000	0.305310	43.536858	0.175210	0.816901	1.000000	0.252212	0.252212	0.826087	0.826087
012   	000	-	29.000000	0.278761	49.680786	0.177481	0.876923	0.982456	0.247788	0.247788	0.888889	0.888889
013   	000	-	27.000000	0.305310	43.536858	0.175210	0.816901	1.000000	0.252212	0.252212	0.826087	0.826087
014   	000	-	25.000000	0.305310	43.536858	0.175210	0.816901	1.000000	0.252212	0.252212	0.826087	0.826087
015   	000	-	23.000000	0.305310	43.536858	0.175210	0.816901	1.000000	0.252212	0.252212	0.826087	0.826087
016   	000	-	22.000000	0.278761	49.680786	0.177481	0.876923	0.982456	0.247788	0.247788	0.888889	0.888889
017   	000	-	27.000000	0.305310	43.536858	0.175210	0.816901	1.000000	0.252212	0.252212	0.826087	0.826087
018   	000	-	25.000000	0.278761	49.680786	0.177481	0.876923	0.982456	0.247788	0.247788	0.888889	0.888889
019   	000	-	22.000000	0.305310	43.536858	0.175210	0.816901	1.000000	0.252212	0.252212	0.826087	0.826087
020   	000	-	24.000000	0.278761	49.680786	0.177481	0.876923	0.982456	0.247788	0.247788	0.888889	0.888889
021   	000	-	26.000000	0.305310	43.536858	0.175210	0.816901	1.000000	0.252212	0.252212	0.826087	0.826087
022   	000	-	26.000000	0.278761	49.680786	0.177481	0.876923	0.982456	0.247788	0.247788	0.888889	0.888889
023   	000	-	25.000000	0.278761	49.680786	0.177481	0.876923	0.982456	0.247788	0.247788	0.888889	0.888889
024   	000	-	24.000000	0.305310	43.536858	0.175210	0.816901	1.000000	0.252212	0.252212	0.826087	0.826087
025   	000	-	27.000000	0.278761	49.680786	0.177481	0.876923	0.982456	0.247788	0.247788	0.888889	0.888889
026   	000	-	29.000000	0.305310	43.536858	0.175210	0.816901	1.000000	0.252212	0.252212	0.826087	0.826087
027   	000	-	24.000000	0.305310	43.536858	0.175210	0.816901	1.000000	0.252212	0.252212	0.826087	0.826087
028   	000	-	25.000000	0.278761	49.680786	0.177481	0.876923	0.982456	0.247788	0.247788	0.888889	0.888889
029   	000	-	24.000000	0.305310	43.536858	0.175210	0.816901	1.000000	0.252212	0.252212	0.826087	0.826087
030   	000	-	18.000000	0.278761	49.680786	0.177481	0.876923	0.982456	0.247788	0.247788	0.888889	0.888889
031   	000	-	26.000000	0.305310	43.536858	0.175210	0.816901	1.000000	0.252212	0.252212	0.826087	0.826087
032   	000	-	23.000000	0.305310	43.536858	0.175210	0.816901	1.000000	0.252212	0.252212	0.826087	0.826087
033   	000	-	29.000000	0.305310	43.536858	0.175210	0.816901	1.000000	0.252212	0.252212	0.826087	0.826087
034   	000	-	24.000000	0.305310	43.536858	0.175210	0.816901	1.000000	0.252212	0.252212	0.826087	0.826087
035   	000	-	22.000000	0.305310	43.536858	0.175210	0.816901	1.000000	0.252212	0.252212	0.826087	0.826087
036   	000	-	25.000000	0.278761	49.680786	0.177481	0.876923	0.982456	0.247788	0.247788	0.888889	0.888889
037   	000	-	24.000000	0.278761	49.680786	0.177481	0.876923	0.982456	0.247788	0.247788	0.888889	0.888889
038   	000	-	29.000000	0.305310	43.536858	0.175210	0.816901	1.000000	0.252212	0.252212	0.826087	0.826087
039   	000	-	23.000000	0.305310	43.536858	0.175210	0.816901	1.000000	0.252212	0.252212	0.826087	0.826087
040   	000	-	23.000000	0.278761	49.680786	0.177481	0.876923	0.982456	0.247788	0.247788	0.888889	0.888889
041   	000	-	22.000000	0.278761	49.680786	0.177481	0.876923	0.982456	0.247788	0.247788	0.888889	0.888889
042   	000	-	27.000000	0.278761	49.680786	0.177481	0.876923	0.982456	0.247788	0.247788	0.888889	0.888889
043   	000	-	27.000000	0.278761	49.680786	0.177481	0.876923	0.982456	0.247788	0.247788	0.888889	0.888889
044   	000	-	29.000000	0.278761	49.680786	0.177481	0.876923	0.982456	0.247788	0.247788	0.888889	0.888889
045   	000	-	24.000000	0.278761	49.680786	0.177481	0.876923	0.982456	0.247788	0.247788	0.888889	0.888889
046   	000	-	27.000000	0.305310	43.536858	0.175210	0.816901	1.000000	0.252212	0.252212	0.826087	0.826087
047   	000	-	24.000000	0.278761	49.680786	0.177481	0.876923	0.982456	0.247788	0.247788	0.888889	0.888889
048   	001	-	2.000000	0.592920	33.827415	0.149542	0.992647	0.792899	0.592920	0.592920	1.000000	1.000000
049   	001	-	4.000000	0.592920	33.827415	0.149542	0.992647	0.792899	0.592920	0.592920	1.000000	1.000000
050   	001	-	5.000000	0.946903	0.539422	0.030856	0.777778	0.988166	0.738938	0.738938	0.780374	0.780374
051   	001	-	3.000000	0.991150	0.023124	0.006618	0.752212	1.000000	0.747788	0.747788	0.754464	0.754464
052   	001	-	3.000000	0.592920	33.827415	0.149542	0.992647	0.792899	0.592920	0.592920	1.000000	1.000000
053   	001	-	9.000000	0.858407	2.476832	0.061634	0.816327	0.940828	0.703540	0.703540	0.819588	0.819588
054   	001	-	4.000000	0.592920	33.827415	0.149542	0.992647	0.792899	0.592920	0.592920	1.000000	1.000000
055   	001	-	6.000000	0.920354	1.034896	0.041859	0.790476	0.976331	0.730088	0.730088	0.793269	0.793269
056   	001	-	9.000000	0.858407	2.476832	0.061634	0.816327	0.940828	0.703540	0.703540	0.819588	0.819588
057   	001	-	4.000000	0.592920	33.827415	0.149542	0.992647	0.792899	0.592920	0.592920	1.000000	1.000000
058   	001	-	3.000000	0.592920	33.827415	0.149542	0.992647	0.792899	0.592920	0.592920	1.000000	1.000000
059   	001	-	5.000000	0.902655	1.295758	0.046245	0.796117	0.964497	0.721239	0.721239	0.799020	0.799020
060   	001	-	4.000000	0.592920	33.827415	0.149542	0.992647	0.792899	0.592920	0.592920	1.000000	1.000000
061   	001	-	5.000000	0.592920	33.827415	0.149542	0.992647	0.792899	0.592920	0.592920	1.000000	1.000000
062   	001	-	5.000000	0.982301	0.041455	0.008810	0.754464	0.994083	0.743363	0.743363	0.756757	0.756757
063   	001	-	8.000000	0.778761	3.396651	0.068095	0.831461	0.869823	0.650442	0.650442	0.835227	0.835227
064   	001	-	5.000000	0.592920	33.827415	0.149542	0.992647	0.792899	0.592920	0.592920	1.000000	1.000000
065   	001	-	13.000000	0.818584	2.902435	0.064864	0.823529	0.905325	0.676991	0.676991	0.827027	0.827027
066   	001	-	4.000000	0.592920	33.827415	0.149542	0.992647	0.792899	0.592920	0.592920	1.000000	1.000000
067   	001	-	5.000000	0.946903	0.539422	0.030856	0.777778	0.988166	0.738938	0.738938	0.780374	0.780374
068   	001	-	4.000000	0.592920	33.827415	0.149542	0.992647	0.792899	0.592920	0.592920	1.000000	1.000000
069   	001	-	5.000000	0.592920	33.827415	0.149542	0.992647	0.792899	0.592920	0.592920	1.000000	1.000000
070   	001	-	3.000000	0.592920	33.827415	0.149542	0.992647	0.792899	0.592920	0.592920	1.000000	1.000000
071   	001	-	14.000000	0.721239	4.079350	0.071286	0.842424	0.816568	0.610619	0.610619	0.846626	0.846626
072   	001	-	9.000000	0.769912	3.678569	0.070287	0.835227	0.863905	0.646018	0.646018	0.839080	0.839080
073   	001	-	5.000000	0.592920	33.827415	0.149542	0.992647	0.792899	0.592920	0.592920	1.000000	1.000000
074   	001	-	8.000000	0.889381	1.659149	0.051746	0.802956	0.958580	0.716814	0.716814	0.805970	0.805970
075   	001	-	5.000000	0.592920	33.827415	0.149542	0.992647	0.792899	0.592920	0.592920	1.000000	1.000000
076   	001	-	4.000000	0.592920	33.827415	0.149542	0.992647	0.792899	0.592920	0.592920	1.000000	1.000000
077   	001	-	5.000000	0.982301	0.041455	0.008810	0.754464	0.994083	0.743363	0.743363	0.756757	0.756757
078   	001	-	5.000000	0.592920	33.827415	0.149542	0.992647	0.792899	0.592920	0.592920	1.000000	1.000000
079   	001	-	7.000000	0.871681	2.348253	0.060557	0.814070	0.952663	0.712389	0.712389	0.817259	0.817259
080   	001	-	3.000000	0.991150	0.023124	0.006618	0.752212	1.000000	0.747788	0.747788	0.754464	0.754464
081   	001	-	4.000000	0.592920	33.827415	0.149542	0.992647	0.792899	0.592920	0.592920	1.000000	1.000000
082   	001	-	4.000000	0.592920	33.827415	0.149542	0.992647	0.792899	0.592920	0.592920	1.000000	1.000000
083   	001	-	5.000000	0.982301	0.041455	0.008810	0.754464	0.994083	0.743363	0.743363	0.756757	0.756757
084   	001	-	5.000000	0.592920	33.827415	0.149542	0.992647	0.792899	0.592920	0.592920	1.000000	1.000000
085   	001	-	4.000000	0.982301	0.041455	0.008810	0.754464	0.994083	0.743363	0.743363	0.756757	0.756757
086   	001	-	5.000000	0.982301	0.041455	0.008810	0.754464	0.994083	0.743363	0.743363	0.756757	0.756757
087   	001	-	12.000000	0.827434	2.669248	0.062671	0.820106	0.911243	0.681416	0.681416	0.823529	0.823529
088   	001	-	3.000000	0.592920	33.827415	0.149542	0.992647	0.792899	0.592920	0.592920	1.000000	1.000000
089   	001	-	7.000000	0.911504	1.160779	0.044052	0.793269	0.970414	0.725664	0.725664	0.796117	0.796117
-    	- 	090	15.922222	0.504277	33.090111	0.138099	0.867910	0.936084	1.000000	0.438004	0.875947	0.875947
